NOBO API
--HANDSHAKE--
Sent:  b'HELLO 1.1 yyyyyyyyyyyy 20211004145520\r'
Received:  b'HELLO 1.1\r'
Sent:  b'HANDSHAKE\r'
Received:  b'HANDSHAKE\r'
--COMMAND--
Sent:  b'G00\r'
--RECEIVED--
H00
H01 1 Stue 20 24 20 1 -1
H02 xxxxxxxxxxxx 0 Ovn kjøkken 0 1 -1 -1
H03 0 Default 00000,06001,08000,15001,23000,00000,06001,08000,15001,23000,00000,06001,08000,15001,23000,00000,06001,08000,15001,23000,00000,06001,08000,15001,00000,07001,00000,07001,23000
H03 20 Normal uke 00001,01000,07001,00001,01000,07001,00001,01000,07001,00001,01000,07001,00001,01000,07001,00001,01000,07001,00001,01000,07001
H04 64 0 0 -1 -1 1 1
H04 74 0 0 -1 -1 0 -1
V06 1 206 85 220 99 17 101 27 166 74 61 18 137 8 78 92 164 0 0
H05 yyyyyyyyyyyy My Eco Hub 2880 74 114 11123610_rev._1 20210121
